0.0000e+00 0.0000e+00
1.0000e+00 0.0000e+00
2.0000e+00 9.7124e+02
3.0000e+00 9.2004e+02
4.0000e+00 8.7020e+02
5.0000e+00 8.3258e+02
6.0000e+00 8.0653e+02
7.0000e+00 7.8973e+02
8.0000e+00 7.7945e+02
9.0000e+00 7.7436e+02
1.0000e+01 7.7309e+02
1.1000e+01 7.7436e+02
1.2000e+01 7.7878e+02
1.3000e+01 7.8449e+02
1.4000e+01 7.9137e+02
1.5000e+01 7.9839e+02
1.6000e+01 8.0724e+02
1.7000e+01 8.1775e+02
1.8000e+01 8.2882e+02
1.9000e+01 8.4122e+02
2.0000e+01 8.5335e+02
2.1000e+01 8.6591e+02
2.2000e+01 8.7892e+02
2.3000e+01 8.9200e+02
2.4000e+01 9.0545e+02
2.5000e+01 9.1942e+02
2.6000e+01 9.3341e+02
2.7000e+01 9.4785e+02
2.8000e+01 9.6255e+02
2.9000e+01 9.7744e+02
3.0000e+01 9.9272e+02
3.1000e+01 1.0078e+03
3.2000e+01 1.0234e+03
3.3000e+01 1.0392e+03
3.4000e+01 1.0549e+03
3.5000e+01 1.0713e+03
3.6000e+01 1.0874e+03
3.7000e+01 1.1037e+03
3.8000e+01 1.1204e+03
3.9000e+01 1.1373e+03
4.0000e+01 1.1544e+03
4.1000e+01 1.1715e+03
4.2000e+01 1.1888e+03
4.3000e+01 1.2062e+03
4.4000e+01 1.2238e+03
4.5000e+01 1.2415e+03
4.6000e+01 1.2595e+03
4.7000e+01 1.2776e+03
4.8000e+01 1.2958e+03
4.9000e+01 1.3142e+03
5.0000e+01 1.3328e+03
5.1000e+01 1.3515e+03
5.2000e+01 1.3705e+03
5.3000e+01 1.3896e+03
5.4000e+01 1.4088e+03
5.5000e+01 1.4281e+03
5.6000e+01 1.4477e+03
5.7000e+01 1.4675e+03
5.8000e+01 1.4876e+03
5.9000e+01 1.5078e+03
6.0000e+01 1.5282e+03
6.1000e+01 1.5488e+03
6.2000e+01 1.5696e+03
6.3000e+01 1.5905e+03
6.4000e+01 1.6117e+03
6.5000e+01 1.6330e+03
6.6000e+01 1.6546e+03
6.7000e+01 1.6765e+03
6.8000e+01 1.6985e+03
6.9000e+01 1.7207e+03
7.0000e+01 1.7430e+03
7.1000e+01 1.7655e+03
7.2000e+01 1.7881e+03
7.3000e+01 1.8111e+03
7.4000e+01 1.8344e+03
7.5000e+01 1.8581e+03
7.6000e+01 1.8820e+03
7.7000e+01 1.9061e+03
7.8000e+01 1.9304e+03
7.9000e+01 1.9549e+03
8.0000e+01 1.9796e+03
8.1000e+01 2.0045e+03
8.2000e+01 2.0297e+03
8.3000e+01 2.0552e+03
8.4000e+01 2.0809e+03
8.5000e+01 2.1068e+03
8.6000e+01 2.1329e+03
8.7000e+01 2.1592e+03
8.8000e+01 2.1857e+03
8.9000e+01 2.2123e+03
9.0000e+01 2.2392e+03
9.1000e+01 2.2662e+03
9.2000e+01 2.2934e+03
9.3000e+01 2.3208e+03
9.4000e+01 2.3485e+03
9.5000e+01 2.3763e+03
9.6000e+01 2.4044e+03
9.7000e+01 2.4327e+03
9.8000e+01 2.4612e+03
9.9000e+01 2.4899e+03
1.0000e+02 2.5188e+03
1.0100e+02 2.5479e+03
1.0200e+02 2.5773e+03
1.0300e+02 2.6068e+03
1.0400e+02 2.6365e+03
1.0500e+02 2.6664e+03
1.0600e+02 2.6965e+03
1.0700e+02 2.7267e+03
1.0800e+02 2.7571e+03
1.0900e+02 2.7877e+03
1.1000e+02 2.8184e+03
1.1100e+02 2.8493e+03
1.1200e+02 2.8803e+03
1.1300e+02 2.9114e+03
1.1400e+02 2.9427e+03
1.1500e+02 2.9741e+03
1.1600e+02 3.0056e+03
1.1700e+02 3.0372e+03
1.1800e+02 3.0689e+03
1.1900e+02 3.1007e+03
1.2000e+02 3.1326e+03
1.2100e+02 3.1646e+03
1.2200e+02 3.1966e+03
1.2300e+02 3.2287e+03
1.2400e+02 3.2609e+03
1.2500e+02 3.2930e+03
1.2600e+02 3.3252e+03
1.2700e+02 3.3575e+03
1.2800e+02 3.3897e+03
1.2900e+02 3.4220e+03
1.3000e+02 3.4542e+03
1.3100e+02 3.4865e+03
1.3200e+02 3.5187e+03
1.3300e+02 3.5509e+03
1.3400e+02 3.5830e+03
1.3500e+02 3.6151e+03
1.3600e+02 3.6472e+03
1.3700e+02 3.6792e+03
1.3800e+02 3.7112e+03
1.3900e+02 3.7431e+03
1.4000e+02 3.7749e+03
1.4100e+02 3.8066e+03
1.4200e+02 3.8383e+03
1.4300e+02 3.8699e+03
1.4400e+02 3.9013e+03
1.4500e+02 3.9326e+03
1.4600e+02 3.9639e+03
1.4700e+02 3.9949e+03
1.4800e+02 4.0258e+03
1.4900e+02 4.0566e+03
1.5000e+02 4.0872e+03
1.5100e+02 4.1175e+03
1.5200e+02 4.1477e+03
1.5300e+02 4.1777e+03
1.5400e+02 4.2074e+03
1.5500e+02 4.2370e+03
1.5600e+02 4.2663e+03
1.5700e+02 4.2954e+03
1.5800e+02 4.3243e+03
1.5900e+02 4.3530e+03
1.6000e+02 4.3814e+03
1.6100e+02 4.4095e+03
1.6200e+02 4.4374e+03
1.6300e+02 4.4650e+03
1.6400e+02 4.4923e+03
1.6500e+02 4.5193e+03
1.6600e+02 4.5460e+03
1.6700e+02 4.5724e+03
1.6800e+02 4.5985e+03
1.6900e+02 4.6242e+03
1.7000e+02 4.6495e+03
1.7100e+02 4.6746e+03
1.7200e+02 4.6992e+03
1.7300e+02 4.7235e+03
1.7400e+02 4.7475e+03
1.7500e+02 4.7710e+03
1.7600e+02 4.7942e+03
1.7700e+02 4.8169e+03
1.7800e+02 4.8393e+03
1.7900e+02 4.8612e+03
1.8000e+02 4.8828e+03
1.8100e+02 4.9039e+03
1.8200e+02 4.9245e+03
1.8300e+02 4.9447e+03
1.8400e+02 4.9645e+03
1.8500e+02 4.9838e+03
1.8600e+02 5.0027e+03
1.8700e+02 5.0211e+03
1.8800e+02 5.0390e+03
1.8900e+02 5.0564e+03
1.9000e+02 5.0734e+03
1.9100e+02 5.0899e+03
1.9200e+02 5.1058e+03
1.9300e+02 5.1213e+03
1.9400e+02 5.1362e+03
1.9500e+02 5.1506e+03
1.9600e+02 5.1645e+03
1.9700e+02 5.1779e+03
1.9800e+02 5.1908e+03
1.9900e+02 5.2031e+03
2.0000e+02 5.2149e+03
2.0100e+02 5.2262e+03
2.0200e+02 5.2369e+03
2.0300e+02 5.2471e+03
2.0400e+02 5.2567e+03
2.0500e+02 5.2657e+03
2.0600e+02 5.2741e+03
2.0700e+02 5.2819e+03
2.0800e+02 5.2892e+03
2.0900e+02 5.2958e+03
2.1000e+02 5.3019e+03
2.1100e+02 5.3074e+03
2.1200e+02 5.3123e+03
2.1300e+02 5.3166e+03
2.1400e+02 5.3204e+03
2.1500e+02 5.3236e+03
2.1600e+02 5.3263e+03
2.1700e+02 5.3283e+03
2.1800e+02 5.3298e+03
2.1900e+02 5.3308e+03
2.2000e+02 5.3311e+03
2.2100e+02 5.3308e+03
2.2200e+02 5.3300e+03
2.2300e+02 5.3285e+03
2.2400e+02 5.3265e+03
2.2500e+02 5.3239e+03
2.2600e+02 5.3207e+03
2.2700e+02 5.3169e+03
2.2800e+02 5.3125e+03
2.2900e+02 5.3075e+03
2.3000e+02 5.3020e+03
2.3100e+02 5.2959e+03
2.3200e+02 5.2892e+03
2.3300e+02 5.2820e+03
2.3400e+02 5.2741e+03
2.3500e+02 5.2657e+03
2.3600e+02 5.2567e+03
2.3700e+02 5.2472e+03
2.3800e+02 5.2371e+03
2.3900e+02 5.2265e+03
2.4000e+02 5.2153e+03
2.4100e+02 5.2035e+03
2.4200e+02 5.1912e+03
2.4300e+02 5.1784e+03
2.4400e+02 5.1650e+03
2.4500e+02 5.1511e+03
2.4600e+02 5.1366e+03
2.4700e+02 5.1217e+03
2.4800e+02 5.1062e+03
2.4900e+02 5.0903e+03
2.5000e+02 5.0738e+03
2.5100e+02 5.0568e+03
2.5200e+02 5.0394e+03
2.5300e+02 5.0214e+03
2.5400e+02 5.0029e+03
2.5500e+02 4.9840e+03
2.5600e+02 4.9646e+03
2.5700e+02 4.9447e+03
2.5800e+02 4.9243e+03
2.5900e+02 4.9035e+03
2.6000e+02 4.8822e+03
2.6100e+02 4.8605e+03
2.6200e+02 4.8384e+03
2.6300e+02 4.8159e+03
2.6400e+02 4.7930e+03
2.6500e+02 4.7697e+03
2.6600e+02 4.7460e+03
2.6700e+02 4.7219e+03
2.6800e+02 4.6974e+03
2.6900e+02 4.6726e+03
2.7000e+02 4.6474e+03
2.7100e+02 4.6218e+03
2.7200e+02 4.5959e+03
2.7300e+02 4.5697e+03
2.7400e+02 4.5431e+03
2.7500e+02 4.5162e+03
2.7600e+02 4.4890e+03
2.7700e+02 4.4615e+03
2.7800e+02 4.4338e+03
2.7900e+02 4.4057e+03
2.8000e+02 4.3774e+03
2.8100e+02 4.3488e+03
2.8200e+02 4.3199e+03
2.8300e+02 4.2909e+03
2.8400e+02 4.2616e+03
2.8500e+02 4.2320e+03
2.8600e+02 4.2023e+03
2.8700e+02 4.1724e+03
2.8800e+02 4.1422e+03
2.8900e+02 4.1119e+03
2.9000e+02 4.0815e+03
2.9100e+02 4.0508e+03
2.9200e+02 4.0200e+03
2.9300e+02 3.9891e+03
2.9400e+02 3.9581e+03
2.9500e+02 3.9269e+03
2.9600e+02 3.8956e+03
2.9700e+02 3.8642e+03
2.9800e+02 3.8327e+03
2.9900e+02 3.8011e+03
3.0000e+02 3.7694e+03
3.0100e+02 3.7377e+03
3.0200e+02 3.7059e+03
3.0300e+02 3.6741e+03
3.0400e+02 3.6423e+03
3.0500e+02 3.6104e+03
3.0600e+02 3.5785e+03
3.0700e+02 3.5466e+03
3.0800e+02 3.5148e+03
3.0900e+02 3.4829e+03
3.1000e+02 3.4511e+03
3.1100e+02 3.4194e+03
3.1200e+02 3.3876e+03
3.1300e+02 3.3559e+03
3.1400e+02 3.3243e+03
3.1500e+02 3.2928e+03
3.1600e+02 3.2614e+03
3.1700e+02 3.2300e+03
3.1800e+02 3.1988e+03
3.1900e+02 3.1676e+03
3.2000e+02 3.1366e+03
3.2100e+02 3.1058e+03
3.2200e+02 3.0750e+03
3.2300e+02 3.0444e+03
3.2400e+02 3.0140e+03
3.2500e+02 2.9837e+03
3.2600e+02 2.9536e+03
3.2700e+02 2.9237e+03
3.2800e+02 2.8940e+03
3.2900e+02 2.8645e+03
3.3000e+02 2.8352e+03
3.3100e+02 2.8061e+03
3.3200e+02 2.7772e+03
3.3300e+02 2.7486e+03
3.3400e+02 2.7202e+03
3.3500e+02 2.6920e+03
3.3600e+02 2.6641e+03
3.3700e+02 2.6365e+03
3.3800e+02 2.6091e+03
3.3900e+02 2.5820e+03
3.4000e+02 2.5552e+03
3.4100e+02 2.5287e+03
3.4200e+02 2.5025e+03
3.4300e+02 2.4766e+03
3.4400e+02 2.4509e+03
3.4500e+02 2.4256e+03
3.4600e+02 2.4006e+03
3.4700e+02 2.3759e+03
3.4800e+02 2.3515e+03
3.4900e+02 2.3275e+03
3.5000e+02 2.3037e+03
3.5100e+02 2.2804e+03
3.5200e+02 2.2573e+03
3.5300e+02 2.2347e+03
3.5400e+02 2.2124e+03
3.5500e+02 2.1904e+03
3.5600e+02 2.1689e+03
3.5700e+02 2.1477e+03
3.5800e+02 2.1268e+03
3.5900e+02 2.1064e+03
3.6000e+02 2.0864e+03
3.6100e+02 2.0667e+03
3.6200e+02 2.0474e+03
3.6300e+02 2.0285e+03
3.6400e+02 2.0100e+03
3.6500e+02 1.9919e+03
3.6600e+02 1.9743e+03
3.6700e+02 1.9570e+03
3.6800e+02 1.9401e+03
3.6900e+02 1.9236e+03
3.7000e+02 1.9076e+03
3.7100e+02 1.8920e+03
3.7200e+02 1.8767e+03
3.7300e+02 1.8619e+03
3.7400e+02 1.8476e+03
3.7500e+02 1.8336e+03
3.7600e+02 1.8200e+03
3.7700e+02 1.8069e+03
3.7800e+02 1.7942e+03
3.7900e+02 1.7819e+03
3.8000e+02 1.7701e+03
3.8100e+02 1.7586e+03
3.8200e+02 1.7476e+03
3.8300e+02 1.7370e+03
3.8400e+02 1.7269e+03
3.8500e+02 1.7171e+03
3.8600e+02 1.7078e+03
3.8700e+02 1.6989e+03
3.8800e+02 1.6904e+03
3.8900e+02 1.6823e+03
3.9000e+02 1.6746e+03
3.9100e+02 1.6674e+03
3.9200e+02 1.6605e+03
3.9300e+02 1.6541e+03
3.9400e+02 1.6481e+03
3.9500e+02 1.6424e+03
3.9600e+02 1.6372e+03
3.9700e+02 1.6323e+03
3.9800e+02 1.6279e+03
3.9900e+02 1.6238e+03
4.0000e+02 1.6202e+03
4.0100e+02 1.6169e+03
4.0200e+02 1.6140e+03
4.0300e+02 1.6115e+03
4.0400e+02 1.6094e+03
4.0500e+02 1.6076e+03
4.0600e+02 1.6062e+03
4.0700e+02 1.6052e+03
4.0800e+02 1.6045e+03
4.0900e+02 1.6042e+03
4.1000e+02 1.6043e+03
4.1100e+02 1.6047e+03
4.1200e+02 1.6054e+03
4.1300e+02 1.6065e+03
4.1400e+02 1.6079e+03
4.1500e+02 1.6096e+03
4.1600e+02 1.6117e+03
4.1700e+02 1.6141e+03
4.1800e+02 1.6168e+03
4.1900e+02 1.6198e+03
4.2000e+02 1.6231e+03
4.2100e+02 1.6267e+03
4.2200e+02 1.6306e+03
4.2300e+02 1.6348e+03
4.2400e+02 1.6393e+03
4.2500e+02 1.6440e+03
4.2600e+02 1.6491e+03
4.2700e+02 1.6544e+03
4.2800e+02 1.6599e+03
4.2900e+02 1.6658e+03
4.3000e+02 1.6718e+03
4.3100e+02 1.6781e+03
4.3200e+02 1.6846e+03
4.3300e+02 1.6914e+03
4.3400e+02 1.6983e+03
4.3500e+02 1.7055e+03
4.3600e+02 1.7129e+03
4.3700e+02 1.7205e+03
4.3800e+02 1.7283e+03
4.3900e+02 1.7363e+03
4.4000e+02 1.7445e+03
4.4100e+02 1.7529e+03
4.4200e+02 1.7614e+03
4.4300e+02 1.7701e+03
4.4400e+02 1.7789e+03
4.4500e+02 1.7879e+03
4.4600e+02 1.7970e+03
4.4700e+02 1.8062e+03
4.4800e+02 1.8156e+03
4.4900e+02 1.8251e+03
4.5000e+02 1.8347e+03
4.5100e+02 1.8444e+03
4.5200e+02 1.8542e+03
4.5300e+02 1.8642e+03
4.5400e+02 1.8742e+03
4.5500e+02 1.8843e+03
4.5600e+02 1.8944e+03
4.5700e+02 1.9046e+03
4.5800e+02 1.9149e+03
4.5900e+02 1.9252e+03
4.6000e+02 1.9356e+03
4.6100e+02 1.9459e+03
4.6200e+02 1.9564e+03
4.6300e+02 1.9668e+03
4.6400e+02 1.9773e+03
4.6500e+02 1.9878e+03
4.6600e+02 1.9983e+03
4.6700e+02 2.0088e+03
4.6800e+02 2.0193e+03
4.6900e+02 2.0298e+03
4.7000e+02 2.0403e+03
4.7100e+02 2.0507e+03
4.7200e+02 2.0612e+03
4.7300e+02 2.0715e+03
4.7400e+02 2.0819e+03
4.7500e+02 2.0921e+03
4.7600e+02 2.1024e+03
4.7700e+02 2.1125e+03
4.7800e+02 2.1226e+03
4.7900e+02 2.1326e+03
4.8000e+02 2.1426e+03
4.8100e+02 2.1525e+03
4.8200e+02 2.1623e+03
4.8300e+02 2.1720e+03
4.8400e+02 2.1816e+03
4.8500e+02 2.1911e+03
4.8600e+02 2.2005e+03
4.8700e+02 2.2097e+03
4.8800e+02 2.2189e+03
4.8900e+02 2.2279e+03
4.9000e+02 2.2368e+03
4.9100e+02 2.2455e+03
4.9200e+02 2.2541e+03
4.9300e+02 2.2626e+03
4.9400e+02 2.2709e+03
4.9500e+02 2.2791e+03
4.9600e+02 2.2871e+03
4.9700e+02 2.2950e+03
4.9800e+02 2.3027e+03
4.9900e+02 2.3103e+03
5.0000e+02 2.3177e+03
5.0100e+02 2.3249e+03
5.0200e+02 2.3319e+03
5.0300e+02 2.3387e+03
5.0400e+02 2.3453e+03
5.0500e+02 2.3518e+03
5.0600e+02 2.3581e+03
5.0700e+02 2.3641e+03
5.0800e+02 2.3700e+03
5.0900e+02 2.3757e+03
5.1000e+02 2.3812e+03
5.1100e+02 2.3865e+03
5.1200e+02 2.3916e+03
5.1300e+02 2.3964e+03
5.1400e+02 2.4011e+03
5.1500e+02 2.4056e+03
5.1600e+02 2.4099e+03
5.1700e+02 2.4139e+03
5.1800e+02 2.4177e+03
5.1900e+02 2.4213e+03
5.2000e+02 2.4247e+03
5.2100e+02 2.4279e+03
5.2200e+02 2.4308e+03
5.2300e+02 2.4335e+03
5.2400e+02 2.4360e+03
5.2500e+02 2.4383e+03
5.2600e+02 2.4403e+03
5.2700e+02 2.4421e+03
5.2800e+02 2.4437e+03
5.2900e+02 2.4451e+03
5.3000e+02 2.4462e+03
5.3100e+02 2.4471e+03
5.3200e+02 2.4478e+03
5.3300e+02 2.4483e+03
5.3400e+02 2.4485e+03
5.3500e+02 2.4485e+03
5.3600e+02 2.4483e+03
5.3700e+02 2.4479e+03
5.3800e+02 2.4472e+03
5.3900e+02 2.4464e+03
5.4000e+02 2.4453e+03
5.4100e+02 2.4440e+03
5.4200e+02 2.4425e+03
5.4300e+02 2.4407e+03
5.4400e+02 2.4388e+03
5.4500e+02 2.4366e+03
5.4600e+02 2.4343e+03
5.4700e+02 2.4317e+03
5.4800e+02 2.4289e+03
5.4900e+02 2.4260e+03
5.5000e+02 2.4228e+03
5.5100e+02 2.4194e+03
5.5200e+02 2.4159e+03
5.5300e+02 2.4121e+03
5.5400e+02 2.4082e+03
5.5500e+02 2.4040e+03
5.5600e+02 2.3997e+03
5.5700e+02 2.3952e+03
5.5800e+02 2.3905e+03
5.5900e+02 2.3857e+03
5.6000e+02 2.3807e+03
5.6100e+02 2.3755e+03
5.6200e+02 2.3701e+03
5.6300e+02 2.3646e+03
5.6400e+02 2.3590e+03
5.6500e+02 2.3531e+03
5.6600e+02 2.3471e+03
5.6700e+02 2.3410e+03
5.6800e+02 2.3347e+03
5.6900e+02 2.3282e+03
5.7000e+02 2.3217e+03
5.7100e+02 2.3149e+03
5.7200e+02 2.3081e+03
5.7300e+02 2.3011e+03
5.7400e+02 2.2940e+03
5.7500e+02 2.2867e+03
5.7600e+02 2.2794e+03
5.7700e+02 2.2719e+03
5.7800e+02 2.2643e+03
5.7900e+02 2.2566e+03
5.8000e+02 2.2489e+03
5.8100e+02 2.2410e+03
5.8200e+02 2.2330e+03
5.8300e+02 2.2250e+03
5.8400e+02 2.2169e+03
5.8500e+02 2.2087e+03
5.8600e+02 2.2004e+03
5.8700e+02 2.1921e+03
5.8800e+02 2.1837e+03
5.8900e+02 2.1753e+03
5.9000e+02 2.1668e+03
5.9100e+02 2.1582e+03
5.9200e+02 2.1496e+03
5.9300e+02 2.1410e+03
5.9400e+02 2.1323e+03
5.9500e+02 2.1236e+03
5.9600e+02 2.1149e+03
5.9700e+02 2.1062e+03
5.9800e+02 2.0974e+03
5.9900e+02 2.0886e+03
6.0000e+02 2.0799e+03
6.0100e+02 2.0711e+03
6.0200e+02 2.0623e+03
6.0300e+02 2.0535e+03
6.0400e+02 2.0448e+03
6.0500e+02 2.0360e+03
6.0600e+02 2.0273e+03
6.0700e+02 2.0186e+03
6.0800e+02 2.0099e+03
6.0900e+02 2.0013e+03
6.1000e+02 1.9927e+03
6.1100e+02 1.9841e+03
6.1200e+02 1.9756e+03
6.1300e+02 1.9671e+03
6.1400e+02 1.9587e+03
6.1500e+02 1.9503e+03
6.1600e+02 1.9420e+03
6.1700e+02 1.9338e+03
6.1800e+02 1.9256e+03
6.1900e+02 1.9176e+03
6.2000e+02 1.9096e+03
6.2100e+02 1.9016e+03
6.2200e+02 1.8938e+03
6.2300e+02 1.8861e+03
6.2400e+02 1.8784e+03
6.2500e+02 1.8709e+03
6.2600e+02 1.8635e+03
6.2700e+02 1.8561e+03
6.2800e+02 1.8489e+03
6.2900e+02 1.8418e+03
6.3000e+02 1.8348e+03
6.3100e+02 1.8280e+03
6.3200e+02 1.8212e+03
6.3300e+02 1.8146e+03
6.3400e+02 1.8081e+03
6.3500e+02 1.8018e+03
6.3600e+02 1.7956e+03
6.3700e+02 1.7895e+03
6.3800e+02 1.7836e+03
6.3900e+02 1.7778e+03
6.4000e+02 1.7721e+03
6.4100e+02 1.7666e+03
6.4200e+02 1.7613e+03
6.4300e+02 1.7561e+03
6.4400e+02 1.7511e+03
6.4500e+02 1.7462e+03
6.4600e+02 1.7415e+03
6.4700e+02 1.7370e+03
6.4800e+02 1.7326e+03
6.4900e+02 1.7284e+03
6.5000e+02 1.7244e+03
6.5100e+02 1.7205e+03
6.5200e+02 1.7168e+03
6.5300e+02 1.7133e+03
6.5400e+02 1.7100e+03
6.5500e+02 1.7068e+03
6.5600e+02 1.7038e+03
6.5700e+02 1.7010e+03
6.5800e+02 1.6984e+03
6.5900e+02 1.6960e+03
6.6000e+02 1.6938e+03
6.6100e+02 1.6917e+03
6.6200e+02 1.6898e+03
6.6300e+02 1.6882e+03
6.6400e+02 1.6867e+03
6.6500e+02 1.6854e+03
6.6600e+02 1.6842e+03
6.6700e+02 1.6833e+03
6.6800e+02 1.6826e+03
6.6900e+02 1.6820e+03
6.7000e+02 1.6817e+03
6.7100e+02 1.6815e+03
6.7200e+02 1.6816e+03
6.7300e+02 1.6818e+03
6.7400e+02 1.6822e+03
6.7500e+02 1.6828e+03
6.7600e+02 1.6836e+03
6.7700e+02 1.6846e+03
6.7800e+02 1.6857e+03
6.7900e+02 1.6871e+03
6.8000e+02 1.6886e+03
6.8100e+02 1.6903e+03
6.8200e+02 1.6922e+03
6.8300e+02 1.6943e+03
6.8400e+02 1.6966e+03
6.8500e+02 1.6990e+03
6.8600e+02 1.7017e+03
6.8700e+02 1.7045e+03
6.8800e+02 1.7075e+03
6.8900e+02 1.7106e+03
6.9000e+02 1.7139e+03
6.9100e+02 1.7174e+03
6.9200e+02 1.7211e+03
6.9300e+02 1.7250e+03
6.9400e+02 1.7290e+03
6.9500e+02 1.7331e+03
6.9600e+02 1.7374e+03
6.9700e+02 1.7419e+03
6.9800e+02 1.7466e+03
6.9900e+02 1.7514e+03
7.0000e+02 1.7563e+03
7.0100e+02 1.7614e+03
7.0200e+02 1.7666e+03
7.0300e+02 1.7720e+03
7.0400e+02 1.7775e+03
7.0500e+02 1.7831e+03
7.0600e+02 1.7889e+03
7.0700e+02 1.7948e+03
7.0800e+02 1.8008e+03
7.0900e+02 1.8070e+03
7.1000e+02 1.8133e+03
7.1100e+02 1.8197e+03
7.1200e+02 1.8262e+03
7.1300e+02 1.8328e+03
7.1400e+02 1.8396e+03
7.1500e+02 1.8464e+03
7.1600e+02 1.8534e+03
7.1700e+02 1.8604e+03
7.1800e+02 1.8676e+03
7.1900e+02 1.8748e+03
7.2000e+02 1.8821e+03
7.2100e+02 1.8895e+03
7.2200e+02 1.8970e+03
7.2300e+02 1.9045e+03
7.2400e+02 1.9122e+03
7.2500e+02 1.9199e+03
7.2600e+02 1.9277e+03
7.2700e+02 1.9355e+03
7.2800e+02 1.9434e+03
7.2900e+02 1.9514e+03
7.3000e+02 1.9594e+03
7.3100e+02 1.9675e+03
7.3200e+02 1.9756e+03
7.3300e+02 1.9837e+03
7.3400e+02 1.9919e+03
7.3500e+02 2.0002e+03
7.3600e+02 2.0084e+03
7.3700e+02 2.0167e+03
7.3800e+02 2.0250e+03
7.3900e+02 2.0333e+03
7.4000e+02 2.0417e+03
7.4100e+02 2.0500e+03
7.4200e+02 2.0584e+03
7.4300e+02 2.0667e+03
7.4400e+02 2.0750e+03
7.4500e+02 2.0833e+03
7.4600e+02 2.0917e+03
7.4700e+02 2.0999e+03
7.4800e+02 2.1082e+03
7.4900e+02 2.1164e+03
7.5000e+02 2.1246e+03
7.5100e+02 2.1328e+03
7.5200e+02 2.1409e+03
7.5300e+02 2.1490e+03
7.5400e+02 2.1570e+03
7.5500e+02 2.1650e+03
7.5600e+02 2.1729e+03
7.5700e+02 2.1808e+03
7.5800e+02 2.1886e+03
7.5900e+02 2.1963e+03
7.6000e+02 2.2040e+03
7.6100e+02 2.2116e+03
7.6200e+02 2.2192e+03
7.6300e+02 2.2266e+03
7.6400e+02 2.2340e+03
7.6500e+02 2.2413e+03
7.6600e+02 2.2485e+03
7.6700e+02 2.2556e+03
7.6800e+02 2.2626e+03
7.6900e+02 2.2695e+03
7.7000e+02 2.2763e+03
7.7100e+02 2.2830e+03
7.7200e+02 2.2896e+03
7.7300e+02 2.2960e+03
7.7400e+02 2.3024e+03
7.7500e+02 2.3085e+03
7.7600e+02 2.3146e+03
7.7700e+02 2.3205e+03
7.7800e+02 2.3264e+03
7.7900e+02 2.3320e+03
7.8000e+02 2.3376e+03
7.8100e+02 2.3430e+03
7.8200e+02 2.3483e+03
7.8300e+02 2.3535e+03
7.8400e+02 2.3585e+03
7.8500e+02 2.3633e+03
7.8600e+02 2.3680e+03
7.8700e+02 2.3726e+03
7.8800e+02 2.3769e+03
7.8900e+02 2.3811e+03
7.9000e+02 2.3852e+03
7.9100e+02 2.3890e+03
7.9200e+02 2.3927e+03
7.9300e+02 2.3963e+03
7.9400e+02 2.3996e+03
7.9500e+02 2.4028e+03
7.9600e+02 2.4058e+03
7.9700e+02 2.4086e+03
7.9800e+02 2.4113e+03
7.9900e+02 2.4137e+03
8.0000e+02 2.4160e+03
8.0100e+02 2.4181e+03
8.0200e+02 2.4201e+03
8.0300e+02 2.4218e+03
8.0400e+02 2.4234e+03
8.0500e+02 2.4248e+03
8.0600e+02 2.4260e+03
8.0700e+02 2.4270e+03
8.0800e+02 2.4277e+03
8.0900e+02 2.4283e+03
8.1000e+02 2.4287e+03
8.1100e+02 2.4288e+03
8.1200e+02 2.4288e+03
8.1300e+02 2.4286e+03
8.1400e+02 2.4282e+03
8.1500e+02 2.4276e+03
8.1600e+02 2.4268e+03
8.1700e+02 2.4258e+03
8.1800e+02 2.4246e+03
8.1900e+02 2.4233e+03
8.2000e+02 2.4217e+03
8.2100e+02 2.4199e+03
8.2200e+02 2.4179e+03
8.2300e+02 2.4157e+03
8.2400e+02 2.4133e+03
8.2500e+02 2.4107e+03
8.2600e+02 2.4079e+03
8.2700e+02 2.4048e+03
8.2800e+02 2.4016e+03
8.2900e+02 2.3982e+03
8.3000e+02 2.3947e+03
8.3100e+02 2.3909e+03
8.3200e+02 2.3870e+03
8.3300e+02 2.3828e+03
8.3400e+02 2.3785e+03
8.3500e+02 2.3740e+03
8.3600e+02 2.3692e+03
8.3700e+02 2.3643e+03
8.3800e+02 2.3592e+03
8.3900e+02 2.3539e+03
8.4000e+02 2.3484e+03
8.4100e+02 2.3427e+03
8.4200e+02 2.3368e+03
8.4300e+02 2.3307e+03
8.4400e+02 2.3245e+03
8.4500e+02 2.3182e+03
8.4600e+02 2.3116e+03
8.4700e+02 2.3049e+03
8.4800e+02 2.2980e+03
8.4900e+02 2.2910e+03
8.5000e+02 2.2837e+03
8.5100e+02 2.2763e+03
8.5200e+02 2.2687e+03
8.5300e+02 2.2610e+03
8.5400e+02 2.2531e+03
8.5500e+02 2.2450e+03
8.5600e+02 2.2368e+03
8.5700e+02 2.2284e+03
8.5800e+02 2.2199e+03
8.5900e+02 2.2113e+03
8.6000e+02 2.2025e+03
8.6100e+02 2.1936e+03
8.6200e+02 2.1846e+03
8.6300e+02 2.1754e+03
8.6400e+02 2.1661e+03
8.6500e+02 2.1567e+03
8.6600e+02 2.1471e+03
8.6700e+02 2.1374e+03
8.6800e+02 2.1276e+03
8.6900e+02 2.1177e+03
8.7000e+02 2.1077e+03
8.7100e+02 2.0975e+03
8.7200e+02 2.0872e+03
8.7300e+02 2.0768e+03
8.7400e+02 2.0663e+03
8.7500e+02 2.0557e+03
8.7600e+02 2.0450e+03
8.7700e+02 2.0342e+03
8.7800e+02 2.0234e+03
8.7900e+02 2.0124e+03
8.8000e+02 2.0014e+03
8.8100e+02 1.9903e+03
8.8200e+02 1.9791e+03
8.8300e+02 1.9679e+03
8.8400e+02 1.9566e+03
8.8500e+02 1.9452e+03
8.8600e+02 1.9337e+03
8.8700e+02 1.9222e+03
8.8800e+02 1.9106e+03
8.8900e+02 1.8990e+03
8.9000e+02 1.8873e+03
8.9100e+02 1.8756e+03
8.9200e+02 1.8638e+03
8.9300e+02 1.8520e+03
8.9400e+02 1.8401e+03
8.9500e+02 1.8282e+03
8.9600e+02 1.8163e+03
8.9700e+02 1.8043e+03
8.9800e+02 1.7923e+03
8.9900e+02 1.7803e+03
9.0000e+02 1.7683e+03
9.0100e+02 1.7563e+03
9.0200e+02 1.7443e+03
9.0300e+02 1.7322e+03
9.0400e+02 1.7202e+03
9.0500e+02 1.7082e+03
9.0600e+02 1.6961e+03
9.0700e+02 1.6841e+03
9.0800e+02 1.6721e+03
9.0900e+02 1.6602e+03
9.1000e+02 1.6482e+03
9.1100e+02 1.6363e+03
9.1200e+02 1.6244e+03
9.1300e+02 1.6125e+03
9.1400e+02 1.6007e+03
9.1500e+02 1.5888e+03
9.1600e+02 1.5771e+03
9.1700e+02 1.5654e+03
9.1800e+02 1.5537e+03
9.1900e+02 1.5421e+03
9.2000e+02 1.5305e+03
9.2100e+02 1.5189e+03
9.2200e+02 1.5075e+03
9.2300e+02 1.4961e+03
9.2400e+02 1.4847e+03
9.2500e+02 1.4734e+03
9.2600e+02 1.4622e+03
9.2700e+02 1.4511e+03
9.2800e+02 1.4400e+03
9.2900e+02 1.4290e+03
9.3000e+02 1.4181e+03
9.3100e+02 1.4073e+03
9.3200e+02 1.3965e+03
9.3300e+02 1.3859e+03
9.3400e+02 1.3753e+03
9.3500e+02 1.3649e+03
9.3600e+02 1.3545e+03
9.3700e+02 1.3442e+03
9.3800e+02 1.3340e+03
9.3900e+02 1.3240e+03
9.4000e+02 1.3140e+03
9.4100e+02 1.3041e+03
9.4200e+02 1.2944e+03
9.4300e+02 1.2847e+03
9.4400e+02 1.2752e+03
9.4500e+02 1.2658e+03
9.4600e+02 1.2565e+03
9.4700e+02 1.2473e+03
9.4800e+02 1.2383e+03
9.4900e+02 1.2293e+03
9.5000e+02 1.2205e+03
9.5100e+02 1.2119e+03
9.5200e+02 1.2033e+03
9.5300e+02 1.1949e+03
9.5400e+02 1.1866e+03
9.5500e+02 1.1784e+03
9.5600e+02 1.1704e+03
9.5700e+02 1.1625e+03
9.5800e+02 1.1547e+03
9.5900e+02 1.1471e+03
9.6000e+02 1.1396e+03
9.6100e+02 1.1323e+03
9.6200e+02 1.1251e+03
9.6300e+02 1.1181e+03
9.6400e+02 1.1111e+03
9.6500e+02 1.1044e+03
9.6600e+02 1.0978e+03
9.6700e+02 1.0913e+03
9.6800e+02 1.0850e+03
9.6900e+02 1.0788e+03
9.7000e+02 1.0728e+03
9.7100e+02 1.0669e+03
9.7200e+02 1.0611e+03
9.7300e+02 1.0555e+03
9.7400e+02 1.0501e+03
9.7500e+02 1.0448e+03
9.7600e+02 1.0397e+03
9.7700e+02 1.0347e+03
9.7800e+02 1.0299e+03
9.7900e+02 1.0252e+03
9.8000e+02 1.0206e+03
9.8100e+02 1.0162e+03
9.8200e+02 1.0120e+03
9.8300e+02 1.0079e+03
9.8400e+02 1.0040e+03
9.8500e+02 1.0002e+03
9.8600e+02 9.9652e+02
9.8700e+02 9.9302e+02
9.8800e+02 9.8967e+02
9.8900e+02 9.8646e+02
9.9000e+02 9.8340e+02
9.9100e+02 9.8049e+02
9.9200e+02 9.7772e+02
9.9300e+02 9.7509e+02
9.9400e+02 9.7262e+02
9.9500e+02 9.7028e+02
9.9600e+02 9.6808e+02
9.9700e+02 9.6603e+02
9.9800e+02 9.6411e+02
9.9900e+02 9.6234e+02
1.0000e+03 9.6071e+02
1.0010e+03 9.5920e+02
1.0020e+03 9.5784e+02
1.0030e+03 9.5660e+02
1.0040e+03 9.5550e+02
1.0050e+03 9.5452e+02
1.0060e+03 9.5367e+02
1.0070e+03 9.5295e+02
1.0080e+03 9.5235e+02
1.0090e+03 9.5188e+02
1.0100e+03 9.5152e+02
1.0110e+03 9.5129e+02
1.0120e+03 9.5117e+02
1.0130e+03 9.5116e+02
1.0140e+03 9.5128e+02
1.0150e+03 9.5151e+02
1.0160e+03 9.5186e+02
1.0170e+03 9.5233e+02
1.0180e+03 9.5290e+02
1.0190e+03 9.5359e+02
1.0200e+03 9.5439e+02
1.0210e+03 9.5529e+02
1.0220e+03 9.5630e+02
1.0230e+03 9.5740e+02
1.0240e+03 9.5861e+02
1.0250e+03 9.5990e+02
1.0260e+03 9.6129e+02
1.0270e+03 9.6276e+02
1.0280e+03 9.6432e+02
1.0290e+03 9.6597e+02
1.0300e+03 9.6770e+02
1.0310e+03 9.6952e+02
1.0320e+03 9.7142e+02
1.0330e+03 9.7340e+02
1.0340e+03 9.7547e+02
1.0350e+03 9.7762e+02
1.0360e+03 9.7983e+02
1.0370e+03 9.8211e+02
1.0380e+03 9.8446e+02
1.0390e+03 9.8688e+02
1.0400e+03 9.8935e+02
1.0410e+03 9.9188e+02
1.0420e+03 9.9446e+02
1.0430e+03 9.9709e+02
1.0440e+03 9.9978e+02
1.0450e+03 1.0025e+03
1.0460e+03 1.0053e+03
1.0470e+03 1.0081e+03
1.0480e+03 1.0110e+03
1.0490e+03 1.0139e+03
1.0500e+03 1.0169e+03
1.0510e+03 1.0199e+03
1.0520e+03 1.0229e+03
1.0530e+03 1.0260e+03
1.0540e+03 1.0290e+03
1.0550e+03 1.0322e+03
1.0560e+03 1.0353e+03
1.0570e+03 1.0384e+03
1.0580e+03 1.0416e+03
1.0590e+03 1.0448e+03
1.0600e+03 1.0480e+03
1.0610e+03 1.0512e+03
1.0620e+03 1.0544e+03
1.0630e+03 1.0576e+03
1.0640e+03 1.0609e+03
1.0650e+03 1.0641e+03
1.0660e+03 1.0673e+03
1.0670e+03 1.0706e+03
1.0680e+03 1.0738e+03
1.0690e+03 1.0770e+03
1.0700e+03 1.0802e+03
1.0710e+03 1.0834e+03
1.0720e+03 1.0866e+03
1.0730e+03 1.0898e+03
1.0740e+03 1.0929e+03
1.0750e+03 1.0961e+03
1.0760e+03 1.0992e+03
1.0770e+03 1.1023e+03
1.0780e+03 1.1053e+03
1.0790e+03 1.1084e+03
1.0800e+03 1.1114e+03
1.0810e+03 1.1143e+03
1.0820e+03 1.1173e+03
1.0830e+03 1.1202e+03
1.0840e+03 1.1231e+03
1.0850e+03 1.1259e+03
1.0860e+03 1.1287e+03
1.0870e+03 1.1314e+03
1.0880e+03 1.1341e+03
1.0890e+03 1.1367e+03
1.0900e+03 1.1393e+03
1.0910e+03 1.1419e+03
1.0920e+03 1.1444e+03
1.0930e+03 1.1468e+03
1.0940e+03 1.1492e+03
1.0950e+03 1.1515e+03
1.0960e+03 1.1538e+03
1.0970e+03 1.1560e+03
1.0980e+03 1.1581e+03
1.0990e+03 1.1602e+03
1.1000e+03 1.1622e+03
1.1010e+03 1.1642e+03
1.1020e+03 1.1661e+03
1.1030e+03 1.1679e+03
1.1040e+03 1.1696e+03
1.1050e+03 1.1713e+03
1.1060e+03 1.1729e+03
1.1070e+03 1.1744e+03
1.1080e+03 1.1759e+03
1.1090e+03 1.1773e+03
1.1100e+03 1.1786e+03
1.1110e+03 1.1798e+03
1.1120e+03 1.1809e+03
1.1130e+03 1.1820e+03
1.1140e+03 1.1830e+03
1.1150e+03 1.1839e+03
1.1160e+03 1.1848e+03
1.1170e+03 1.1855e+03
1.1180e+03 1.1862e+03
1.1190e+03 1.1868e+03
1.1200e+03 1.1873e+03
1.1210e+03 1.1877e+03
1.1220e+03 1.1880e+03
1.1230e+03 1.1883e+03
1.1240e+03 1.1884e+03
1.1250e+03 1.1885e+03
1.1260e+03 1.1885e+03
1.1270e+03 1.1884e+03
1.1280e+03 1.1882e+03
1.1290e+03 1.1879e+03
1.1300e+03 1.1876e+03
1.1310e+03 1.1872e+03
1.1320e+03 1.1866e+03
1.1330e+03 1.1860e+03
1.1340e+03 1.1853e+03
1.1350e+03 1.1845e+03
1.1360e+03 1.1836e+03
1.1370e+03 1.1827e+03
1.1380e+03 1.1816e+03
1.1390e+03 1.1805e+03
1.1400e+03 1.1793e+03
1.1410e+03 1.1780e+03
1.1420e+03 1.1766e+03
1.1430e+03 1.1751e+03
1.1440e+03 1.1736e+03
1.1450e+03 1.1719e+03
1.1460e+03 1.1702e+03
1.1470e+03 1.1684e+03
1.1480e+03 1.1665e+03
1.1490e+03 1.1645e+03
1.1500e+03 1.1625e+03
1.1510e+03 1.1603e+03
1.1520e+03 1.1581e+03
1.1530e+03 1.1558e+03
1.1540e+03 1.1534e+03
1.1550e+03 1.1510e+03
1.1560e+03 1.1484e+03
1.1570e+03 1.1458e+03
1.1580e+03 1.1431e+03
1.1590e+03 1.1404e+03
1.1600e+03 1.1376e+03
1.1610e+03 1.1347e+03
1.1620e+03 1.1317e+03
1.1630e+03 1.1287e+03
1.1640e+03 1.1256e+03
1.1650e+03 1.1224e+03
1.1660e+03 1.1192e+03
1.1670e+03 1.1158e+03
1.1680e+03 1.1125e+03
1.1690e+03 1.1090e+03
1.1700e+03 1.1055e+03
1.1710e+03 1.1020e+03
1.1720e+03 1.0984e+03
1.1730e+03 1.0947e+03
1.1740e+03 1.0910e+03
1.1750e+03 1.0872e+03
1.1760e+03 1.0834e+03
1.1770e+03 1.0795e+03
1.1780e+03 1.0755e+03
1.1790e+03 1.0715e+03
1.1800e+03 1.0675e+03
1.1810e+03 1.0634e+03
1.1820e+03 1.0593e+03
1.1830e+03 1.0551e+03
1.1840e+03 1.0509e+03
1.1850e+03 1.0466e+03
1.1860e+03 1.0423e+03
1.1870e+03 1.0380e+03
1.1880e+03 1.0336e+03
1.1890e+03 1.0292e+03
1.1900e+03 1.0247e+03
1.1910e+03 1.0202e+03
1.1920e+03 1.0157e+03
1.1930e+03 1.0112e+03
1.1940e+03 1.0066e+03
1.1950e+03 1.0020e+03
1.1960e+03 9.9740e+02
1.1970e+03 9.9277e+02
1.1980e+03 9.8811e+02
1.1990e+03 9.8344e+02
1.2000e+03 9.7875e+02
1.2010e+03 9.7404e+02
1.2020e+03 9.6932e+02
1.2030e+03 9.6459e+02
1.2040e+03 9.5985e+02
1.2050e+03 9.5509e+02
1.2060e+03 9.5033e+02
1.2070e+03 9.4556e+02
1.2080e+03 9.4080e+02
1.2090e+03 9.3603e+02
1.2100e+03 9.3126e+02
1.2110e+03 9.2648e+02
1.2120e+03 9.2172e+02
1.2130e+03 9.1695e+02
1.2140e+03 9.1219e+02
1.2150e+03 9.0744e+02
1.2160e+03 9.0270e+02
1.2170e+03 8.9797e+02
1.2180e+03 8.9325e+02
1.2190e+03 8.8854e+02
1.2200e+03 8.8384e+02
1.2210e+03 8.7917e+02
1.2220e+03 8.7451e+02
1.2230e+03 8.6987e+02
1.2240e+03 8.6525e+02
1.2250e+03 8.6065e+02
1.2260e+03 8.5607e+02
1.2270e+03 8.5152e+02
1.2280e+03 8.4700e+02
1.2290e+03 8.4251e+02
1.2300e+03 8.3805e+02
1.2310e+03 8.3362e+02
1.2320e+03 8.2922e+02
1.2330e+03 8.2486e+02
1.2340e+03 8.2052e+02
1.2350e+03 8.1623e+02
1.2360e+03 8.1197e+02
1.2370e+03 8.0775e+02
1.2380e+03 8.0357e+02
1.2390e+03 7.9943e+02
1.2400e+03 7.9534e+02
1.2410e+03 7.9129e+02
1.2420e+03 7.8728e+02
1.2430e+03 7.8332e+02
1.2440e+03 7.7940e+02
1.2450e+03 7.7553e+02
1.2460e+03 7.7171e+02
1.2470e+03 7.6794e+02
1.2480e+03 7.6422e+02
1.2490e+03 7.6055e+02
1.2500e+03 7.5694e+02
1.2510e+03 7.5338e+02
1.2520e+03 7.4987e+02
1.2530e+03 7.4642e+02
1.2540e+03 7.4302e+02
1.2550e+03 7.3968e+02
1.2560e+03 7.3640e+02
1.2570e+03 7.3318e+02
1.2580e+03 7.3002e+02
1.2590e+03 7.2692e+02
1.2600e+03 7.2388e+02
1.2610e+03 7.2090e+02
1.2620e+03 7.1799e+02
1.2630e+03 7.1514e+02
1.2640e+03 7.1234e+02
1.2650e+03 7.0962e+02
1.2660e+03 7.0695e+02
1.2670e+03 7.0436e+02
1.2680e+03 7.0183e+02
1.2690e+03 6.9937e+02
1.2700e+03 6.9697e+02
1.2710e+03 6.9463e+02
1.2720e+03 6.9237e+02
1.2730e+03 6.9017e+02
1.2740e+03 6.8804e+02
1.2750e+03 6.8598e+02
1.2760e+03 6.8398e+02
1.2770e+03 6.8206e+02
1.2780e+03 6.8020e+02
1.2790e+03 6.7841e+02
1.2800e+03 6.7669e+02
1.2810e+03 6.7503e+02
1.2820e+03 6.7345e+02
1.2830e+03 6.7193e+02
1.2840e+03 6.7048e+02
1.2850e+03 6.6910e+02
1.2860e+03 6.6779e+02
1.2870e+03 6.6654e+02
1.2880e+03 6.6537e+02
1.2890e+03 6.6426e+02
1.2900e+03 6.6321e+02
1.2910e+03 6.6224e+02
1.2920e+03 6.6133e+02
1.2930e+03 6.6049e+02
1.2940e+03 6.5971e+02
1.2950e+03 6.5900e+02
1.2960e+03 6.5836e+02
1.2970e+03 6.5778e+02
1.2980e+03 6.5726e+02
1.2990e+03 6.5681e+02
1.3000e+03 6.5642e+02
1.3010e+03 6.5610e+02
1.3020e+03 6.5584e+02
1.3030e+03 6.5563e+02
1.3040e+03 6.5549e+02
1.3050e+03 6.5541e+02
1.3060e+03 6.5539e+02
1.3070e+03 6.5543e+02
1.3080e+03 6.5553e+02
1.3090e+03 6.5569e+02
1.3100e+03 6.5590e+02
1.3110e+03 6.5618e+02
1.3120e+03 6.5650e+02
1.3130e+03 6.5689e+02
1.3140e+03 6.5732e+02
1.3150e+03 6.5782e+02
1.3160e+03 6.5836e+02
1.3170e+03 6.5896e+02
1.3180e+03 6.5961e+02
1.3190e+03 6.6031e+02
1.3200e+03 6.6105e+02
1.3210e+03 6.6185e+02
1.3220e+03 6.6270e+02
1.3230e+03 6.6359e+02
1.3240e+03 6.6453e+02
1.3250e+03 6.6551e+02
1.3260e+03 6.6654e+02
1.3270e+03 6.6761e+02
1.3280e+03 6.6872e+02
1.3290e+03 6.6987e+02
1.3300e+03 6.7107e+02
1.3310e+03 6.7230e+02
1.3320e+03 6.7356e+02
1.3330e+03 6.7487e+02
1.3340e+03 6.7621e+02
1.3350e+03 6.7758e+02
1.3360e+03 6.7899e+02
1.3370e+03 6.8043e+02
1.3380e+03 6.8189e+02
1.3390e+03 6.8339e+02
1.3400e+03 6.8492e+02
1.3410e+03 6.8647e+02
1.3420e+03 6.8804e+02
1.3430e+03 6.8965e+02
1.3440e+03 6.9127e+02
1.3450e+03 6.9292e+02
1.3460e+03 6.9458e+02
1.3470e+03 6.9627e+02
1.3480e+03 6.9797e+02
1.3490e+03 6.9969e+02
1.3500e+03 7.0142e+02
1.3510e+03 7.0316e+02
1.3520e+03 7.0492e+02
1.3530e+03 7.0670e+02
1.3540e+03 7.0847e+02
1.3550e+03 7.1026e+02
1.3560e+03 7.1206e+02
1.3570e+03 7.1387e+02
1.3580e+03 7.1569e+02
1.3590e+03 7.1750e+02
1.3600e+03 7.1932e+02
1.3610e+03 7.2114e+02
1.3620e+03 7.2296e+02
1.3630e+03 7.2478e+02
1.3640e+03 7.2660e+02
1.3650e+03 7.2843e+02
1.3660e+03 7.3023e+02
1.3670e+03 7.3204e+02
1.3680e+03 7.3385e+02
1.3690e+03 7.3564e+02
1.3700e+03 7.3744e+02
1.3710e+03 7.3921e+02
1.3720e+03 7.4098e+02
1.3730e+03 7.4273e+02
1.3740e+03 7.4448e+02
1.3750e+03 7.4620e+02
1.3760e+03 7.4791e+02
1.3770e+03 7.4961e+02
1.3780e+03 7.5129e+02
1.3790e+03 7.5295e+02
1.3800e+03 7.5459e+02
1.3810e+03 7.5621e+02
1.3820e+03 7.5781e+02
1.3830e+03 7.5938e+02
1.3840e+03 7.6092e+02
1.3850e+03 7.6245e+02
1.3860e+03 7.6395e+02
1.3870e+03 7.6542e+02
1.3880e+03 7.6686e+02
1.3890e+03 7.6827e+02
1.3900e+03 7.6965e+02
1.3910e+03 7.7100e+02
1.3920e+03 7.7232e+02
1.3930e+03 7.7361e+02
1.3940e+03 7.7487e+02
1.3950e+03 7.7608e+02
1.3960e+03 7.7726e+02
1.3970e+03 7.7841e+02
1.3980e+03 7.7952e+02
1.3990e+03 7.8059e+02
1.4000e+03 7.8161e+02
1.4010e+03 7.8261e+02
1.4020e+03 7.8356e+02
1.4030e+03 7.8447e+02
1.4040e+03 7.8534e+02
1.4050e+03 7.8616e+02
1.4060e+03 7.8694e+02
1.4070e+03 7.8767e+02
1.4080e+03 7.8837e+02
1.4090e+03 7.8901e+02
1.4100e+03 7.8962e+02
1.4110e+03 7.9017e+02
1.4120e+03 7.9068e+02
1.4130e+03 7.9114e+02
1.4140e+03 7.9155e+02
1.4150e+03 7.9191e+02
1.4160e+03 7.9223e+02
1.4170e+03 7.9249e+02
1.4180e+03 7.9271e+02
1.4190e+03 7.9288e+02
1.4200e+03 7.9300e+02
1.4210e+03 7.9307e+02
1.4220e+03 7.9309e+02
1.4230e+03 7.9306e+02
1.4240e+03 7.9298e+02
1.4250e+03 7.9284e+02
1.4260e+03 7.9266e+02
1.4270e+03 7.9241e+02
1.4280e+03 7.9212e+02
1.4290e+03 7.9178e+02
1.4300e+03 7.9138e+02
1.4310e+03 7.9093e+02
1.4320e+03 7.9044e+02
1.4330e+03 7.8988e+02
1.4340e+03 7.8927e+02
1.4350e+03 7.8861e+02
1.4360e+03 7.8790e+02
1.4370e+03 7.8714e+02
1.4380e+03 7.8631e+02
1.4390e+03 7.8544e+02
1.4400e+03 7.8452e+02
1.4410e+03 7.8355e+02
1.4420e+03 7.8251e+02
1.4430e+03 7.8143e+02
1.4440e+03 7.8029e+02
1.4450e+03 7.7910e+02
1.4460e+03 7.7786e+02
1.4470e+03 7.7657e+02
1.4480e+03 7.7522e+02
1.4490e+03 7.7382e+02
1.4500e+03 7.7237e+02
1.4510e+03 7.7088e+02
1.4520e+03 7.6933e+02
1.4530e+03 7.6772e+02
1.4540e+03 7.6607e+02
1.4550e+03 7.6438e+02
1.4560e+03 7.6263e+02
1.4570e+03 7.6084e+02
1.4580e+03 7.5900e+02
1.4590e+03 7.5711e+02
1.4600e+03 7.5517e+02
1.4610e+03 7.5318e+02
1.4620e+03 7.5115e+02
1.4630e+03 7.4907e+02
1.4640e+03 7.4695e+02
1.4650e+03 7.4478e+02
1.4660e+03 7.4257e+02
1.4670e+03 7.4031e+02
1.4680e+03 7.3802e+02
1.4690e+03 7.3568e+02
1.4700e+03 7.3329e+02
1.4710e+03 7.3087e+02
1.4720e+03 7.2841e+02
1.4730e+03 7.2589e+02
1.4740e+03 7.2335e+02
1.4750e+03 7.2076e+02
1.4760e+03 7.1814e+02
1.4770e+03 7.1548e+02
1.4780e+03 7.1279e+02
1.4790e+03 7.1006e+02
1.4800e+03 7.0729e+02
1.4810e+03 7.0449e+02
1.4820e+03 7.0166e+02
1.4830e+03 6.9879e+02
1.4840e+03 6.9590e+02
1.4850e+03 6.9297e+02
1.4860e+03 6.9001e+02
1.4870e+03 6.8702e+02
1.4880e+03 6.8401e+02
1.4890e+03 6.8097e+02
1.4900e+03 6.7789e+02
1.4910e+03 6.7480e+02
1.4920e+03 6.7168e+02
1.4930e+03 6.6853e+02
1.4940e+03 6.6536e+02
1.4950e+03 6.6217e+02
1.4960e+03 6.5896e+02
1.4970e+03 6.5572e+02
1.4980e+03 6.5247e+02
1.4990e+03 6.4920e+02
1.5000e+03 6.4591e+02
1.5010e+03 6.4260e+02
1.5020e+03 6.3927e+02
1.5030e+03 6.3594e+02
1.5040e+03 6.3258e+02
1.5050e+03 6.2922e+02
1.5060e+03 6.2584e+02
1.5070e+03 6.2245e+02
1.5080e+03 6.1905e+02
1.5090e+03 6.1563e+02
1.5100e+03 6.1221e+02
1.5110e+03 6.0878e+02
1.5120e+03 6.0534e+02
1.5130e+03 6.0190e+02
1.5140e+03 5.9845e+02
1.5150e+03 5.9499e+02
1.5160e+03 5.9154e+02
1.5170e+03 5.8808e+02
1.5180e+03 5.8462e+02
1.5190e+03 5.8116e+02
1.5200e+03 5.7770e+02
1.5210e+03 5.7424e+02
1.5220e+03 5.7079e+02
1.5230e+03 5.6733e+02
1.5240e+03 5.6388e+02
1.5250e+03 5.6044e+02
1.5260e+03 5.5700e+02
1.5270e+03 5.5357e+02
1.5280e+03 5.5014e+02
1.5290e+03 5.4672e+02
1.5300e+03 5.4331e+02
1.5310e+03 5.3992e+02
1.5320e+03 5.3653e+02
1.5330e+03 5.3315e+02
1.5340e+03 5.2979e+02
1.5350e+03 5.2644e+02
1.5360e+03 5.2310e+02
1.5370e+03 5.1977e+02
1.5380e+03 5.1647e+02
1.5390e+03 5.1317e+02
1.5400e+03 5.0990e+02
1.5410e+03 5.0664e+02
1.5420e+03 5.0340e+02
1.5430e+03 5.0018e+02
1.5440e+03 4.9698e+02
1.5450e+03 4.9380e+02
1.5460e+03 4.9065e+02
1.5470e+03 4.8751e+02
1.5480e+03 4.8440e+02
1.5490e+03 4.8131e+02
1.5500e+03 4.7825e+02
1.5510e+03 4.7521e+02
1.5520e+03 4.7220e+02
1.5530e+03 4.6921e+02
1.5540e+03 4.6625e+02
1.5550e+03 4.6332e+02
1.5560e+03 4.6041e+02
1.5570e+03 4.5753e+02
1.5580e+03 4.5468e+02
1.5590e+03 4.5187e+02
1.5600e+03 4.4908e+02
1.5610e+03 4.4632e+02
1.5620e+03 4.4359e+02
1.5630e+03 4.4089e+02
1.5640e+03 4.3823e+02
1.5650e+03 4.3560e+02
1.5660e+03 4.3300e+02
1.5670e+03 4.3044e+02
1.5680e+03 4.2791e+02
1.5690e+03 4.2541e+02
1.5700e+03 4.2295e+02
1.5710e+03 4.2052e+02
1.5720e+03 4.1813e+02
1.5730e+03 4.1577e+02
1.5740e+03 4.1345e+02
1.5750e+03 4.1116e+02
1.5760e+03 4.0891e+02
1.5770e+03 4.0670e+02
1.5780e+03 4.0453e+02
1.5790e+03 4.0239e+02
1.5800e+03 4.0029e+02
1.5810e+03 3.9823e+02
1.5820e+03 3.9621e+02
1.5830e+03 3.9422e+02
1.5840e+03 3.9228e+02
1.5850e+03 3.9037e+02
1.5860e+03 3.8850e+02
1.5870e+03 3.8667e+02
1.5880e+03 3.8488e+02
1.5890e+03 3.8313e+02
1.5900e+03 3.8141e+02
1.5910e+03 3.7974e+02
1.5920e+03 3.7810e+02
1.5930e+03 3.7651e+02
1.5940e+03 3.7495e+02
1.5950e+03 3.7343e+02
1.5960e+03 3.7195e+02
1.5970e+03 3.7051e+02
1.5980e+03 3.6911e+02
1.5990e+03 3.6774e+02
1.6000e+03 3.6642e+02
1.6010e+03 3.6513e+02
1.6020e+03 3.6388e+02
1.6030e+03 3.6268e+02
1.6040e+03 3.6150e+02
1.6050e+03 3.6037e+02
1.6060e+03 3.5928e+02
1.6070e+03 3.5822e+02
1.6080e+03 3.5720e+02
1.6090e+03 3.5622e+02
1.6100e+03 3.5527e+02
1.6110e+03 3.5436e+02
1.6120e+03 3.5349e+02
1.6130e+03 3.5266e+02
1.6140e+03 3.5186e+02
1.6150e+03 3.5110e+02
1.6160e+03 3.5038e+02
1.6170e+03 3.4969e+02
1.6180e+03 3.4903e+02
1.6190e+03 3.4841e+02
1.6200e+03 3.4783e+02
1.6210e+03 3.4728e+02
1.6220e+03 3.4677e+02
1.6230e+03 3.4628e+02
1.6240e+03 3.4584e+02
1.6250e+03 3.4542e+02
1.6260e+03 3.4504e+02
1.6270e+03 3.4469e+02
1.6280e+03 3.4437e+02
1.6290e+03 3.4408e+02
1.6300e+03 3.4382e+02
1.6310e+03 3.4359e+02
1.6320e+03 3.4340e+02
1.6330e+03 3.4323e+02
1.6340e+03 3.4309e+02
1.6350e+03 3.4298e+02
1.6360e+03 3.4290e+02
1.6370e+03 3.4285e+02
1.6380e+03 3.4282e+02
1.6390e+03 3.4282e+02
1.6400e+03 3.4284e+02
1.6410e+03 3.4289e+02
1.6420e+03 3.4296e+02
1.6430e+03 3.4306e+02
1.6440e+03 3.4318e+02
1.6450e+03 3.4333e+02
1.6460e+03 3.4350e+02
1.6470e+03 3.4369e+02
1.6480e+03 3.4390e+02
1.6490e+03 3.4413e+02
1.6500e+03 3.4438e+02
1.6510e+03 3.4465e+02
1.6520e+03 3.4494e+02
1.6530e+03 3.4524e+02
1.6540e+03 3.4557e+02
1.6550e+03 3.4591e+02
1.6560e+03 3.4627e+02
1.6570e+03 3.4664e+02
1.6580e+03 3.4703e+02
1.6590e+03 3.4743e+02
1.6600e+03 3.4785e+02
1.6610e+03 3.4829e+02
1.6620e+03 3.4873e+02
1.6630e+03 3.4919e+02
1.6640e+03 3.4966e+02
1.6650e+03 3.5014e+02
1.6660e+03 3.5063e+02
1.6670e+03 3.5114e+02
1.6680e+03 3.5165e+02
1.6690e+03 3.5217e+02
1.6700e+03 3.5270e+02
1.6710e+03 3.5323e+02
1.6720e+03 3.5378e+02
1.6730e+03 3.5433e+02
1.6740e+03 3.5488e+02
1.6750e+03 3.5544e+02
1.6760e+03 3.5601e+02
1.6770e+03 3.5658e+02
1.6780e+03 3.5716e+02
1.6790e+03 3.5773e+02
1.6800e+03 3.5831e+02
1.6810e+03 3.5890e+02
1.6820e+03 3.5948e+02
1.6830e+03 3.6006e+02
1.6840e+03 3.6065e+02
1.6850e+03 3.6123e+02
1.6860e+03 3.6181e+02
1.6870e+03 3.6239e+02
1.6880e+03 3.6297e+02
1.6890e+03 3.6355e+02
1.6900e+03 3.6412e+02
1.6910e+03 3.6469e+02
1.6920e+03 3.6525e+02
1.6930e+03 3.6581e+02
1.6940e+03 3.6637e+02
1.6950e+03 3.6691e+02
1.6960e+03 3.6745e+02
1.6970e+03 3.6799e+02
1.6980e+03 3.6851e+02
1.6990e+03 3.6903e+02
1.7000e+03 3.6954e+02
1.7010e+03 3.7004e+02
1.7020e+03 3.7052e+02
1.7030e+03 3.7100e+02
1.7040e+03 3.7147e+02
1.7050e+03 3.7193e+02
1.7060e+03 3.7238e+02
1.7070e+03 3.7281e+02
1.7080e+03 3.7323e+02
1.7090e+03 3.7364e+02
1.7100e+03 3.7404e+02
1.7110e+03 3.7443e+02
1.7120e+03 3.7479e+02
1.7130e+03 3.7515e+02
1.7140e+03 3.7549e+02
1.7150e+03 3.7582e+02
1.7160e+03 3.7613e+02
1.7170e+03 3.7642e+02
1.7180e+03 3.7670e+02
1.7190e+03 3.7697e+02
1.7200e+03 3.7721e+02
1.7210e+03 3.7744e+02
1.7220e+03 3.7766e+02
1.7230e+03 3.7785e+02
1.7240e+03 3.7803e+02
1.7250e+03 3.7819e+02
1.7260e+03 3.7834e+02
1.7270e+03 3.7846e+02
1.7280e+03 3.7857e+02
1.7290e+03 3.7865e+02
1.7300e+03 3.7872e+02
1.7310e+03 3.7877e+02
1.7320e+03 3.7880e+02
1.7330e+03 3.7881e+02
1.7340e+03 3.7880e+02
1.7350e+03 3.7877e+02
1.7360e+03 3.7872e+02
1.7370e+03 3.7865e+02
1.7380e+03 3.7855e+02
1.7390e+03 3.7844e+02
1.7400e+03 3.7831e+02
1.7410e+03 3.7816e+02
1.7420e+03 3.7799e+02
1.7430e+03 3.7779e+02
1.7440e+03 3.7758e+02
1.7450e+03 3.7734e+02
1.7460e+03 3.7709e+02
1.7470e+03 3.7681e+02
1.7480e+03 3.7651e+02
1.7490e+03 3.7619e+02
1.7500e+03 3.7585e+02
1.7510e+03 3.7549e+02
1.7520e+03 3.7510e+02
1.7530e+03 3.7470e+02
1.7540e+03 3.7428e+02
1.7550e+03 3.7383e+02
1.7560e+03 3.7336e+02
1.7570e+03 3.7287e+02
1.7580e+03 3.7236e+02
1.7590e+03 3.7183e+02
1.7600e+03 3.7128e+02
1.7610e+03 3.7071e+02
1.7620e+03 3.7012e+02
1.7630e+03 3.6950e+02
1.7640e+03 3.6887e+02
1.7650e+03 3.6821e+02
1.7660e+03 3.6754e+02
1.7670e+03 3.6684e+02
1.7680e+03 3.6613e+02
1.7690e+03 3.6539e+02
1.7700e+03 3.6464e+02
1.7710e+03 3.6387e+02
1.7720e+03 3.6308e+02
1.7730e+03 3.6227e+02
1.7740e+03 3.6144e+02
1.7750e+03 3.6059e+02
1.7760e+03 3.5972e+02
1.7770e+03 3.5884e+02
1.7780e+03 3.5794e+02
1.7790e+03 3.5702e+02
1.7800e+03 3.5608e+02
1.7810e+03 3.5513e+02
1.7820e+03 3.5416e+02
1.7830e+03 3.5317e+02
1.7840e+03 3.5217e+02
1.7850e+03 3.5115e+02
1.7860e+03 3.5011e+02
1.7870e+03 3.4906e+02
1.7880e+03 3.4800e+02
1.7890e+03 3.4692e+02
1.7900e+03 3.4583e+02
1.7910e+03 3.4472e+02
1.7920e+03 3.4360e+02
1.7930e+03 3.4246e+02
1.7940e+03 3.4131e+02
1.7950e+03 3.4015e+02
1.7960e+03 3.3898e+02
1.7970e+03 3.3779e+02
1.7980e+03 3.3659e+02
1.7990e+03 3.3538e+02
1.8000e+03 3.3416e+02
1.8010e+03 3.3293e+02
1.8020e+03 3.3169e+02
1.8030e+03 3.3044e+02
1.8040e+03 3.2918e+02
1.8050e+03 3.2791e+02
1.8060e+03 3.2663e+02
1.8070e+03 3.2535e+02
1.8080e+03 3.2405e+02
1.8090e+03 3.2275e+02
1.8100e+03 3.2144e+02
1.8110e+03 3.2012e+02
1.8120e+03 3.1880e+02
1.8130e+03 3.1747e+02
1.8140e+03 3.1613e+02
1.8150e+03 3.1479e+02
1.8160e+03 3.1344e+02
1.8170e+03 3.1209e+02
1.8180e+03 3.1074e+02
1.8190e+03 3.0938e+02
1.8200e+03 3.0801e+02
1.8210e+03 3.0665e+02
1.8220e+03 3.0528e+02
1.8230e+03 3.0391e+02
1.8240e+03 3.0253e+02
1.8250e+03 3.0116e+02
1.8260e+03 2.9978e+02
1.8270e+03 2.9840e+02
1.8280e+03 2.9702e+02
1.8290e+03 2.9564e+02
1.8300e+03 2.9426e+02
1.8310e+03 2.9288e+02
1.8320e+03 2.9151e+02
1.8330e+03 2.9013e+02
1.8340e+03 2.8876e+02
1.8350e+03 2.8739e+02
1.8360e+03 2.8602e+02
1.8370e+03 2.8465e+02
1.8380e+03 2.8329e+02
1.8390e+03 2.8193e+02
1.8400e+03 2.8058e+02
1.8410e+03 2.7923e+02
1.8420e+03 2.7788e+02
1.8430e+03 2.7654e+02
1.8440e+03 2.7521e+02
1.8450e+03 2.7388e+02
1.8460e+03 2.7256e+02
1.8470e+03 2.7124e+02
1.8480e+03 2.6993e+02
1.8490e+03 2.6863e+02
1.8500e+03 2.6733e+02
1.8510e+03 2.6605e+02
1.8520e+03 2.6477e+02
1.8530e+03 2.6350e+02
1.8540e+03 2.6224e+02
1.8550e+03 2.6098e+02
1.8560e+03 2.5974e+02
1.8570e+03 2.5851e+02
1.8580e+03 2.5728e+02
1.8590e+03 2.5607e+02
1.8600e+03 2.5487e+02
1.8610e+03 2.5368e+02
1.8620e+03 2.5250e+02
1.8630e+03 2.5133e+02
1.8640e+03 2.5017e+02
1.8650e+03 2.4902e+02
1.8660e+03 2.4789e+02
1.8670e+03 2.4677e+02
1.8680e+03 2.4566e+02
1.8690e+03 2.4456e+02
1.8700e+03 2.4347e+02
1.8710e+03 2.4240e+02
1.8720e+03 2.4135e+02
1.8730e+03 2.4030e+02
1.8740e+03 2.3927e+02
1.8750e+03 2.3825e+02
1.8760e+03 2.3725e+02
1.8770e+03 2.3626e+02
1.8780e+03 2.3529e+02
1.8790e+03 2.3433e+02
1.8800e+03 2.3339e+02
1.8810e+03 2.3246e+02
1.8820e+03 2.3154e+02
1.8830e+03 2.3064e+02
1.8840e+03 2.2976e+02
1.8850e+03 2.2889e+02
1.8860e+03 2.2803e+02
1.8870e+03 2.2720e+02
1.8880e+03 2.2637e+02
1.8890e+03 2.2557e+02
1.8900e+03 2.2478e+02
1.8910e+03 2.2400e+02
1.8920e+03 2.2324e+02
1.8930e+03 2.2250e+02
1.8940e+03 2.2177e+02
1.8950e+03 2.2106e+02
1.8960e+03 2.2037e+02
1.8970e+03 2.1969e+02
1.8980e+03 2.1902e+02
1.8990e+03 2.1838e+02
1.9000e+03 2.1775e+02
1.9010e+03 2.1714e+02
1.9020e+03 2.1654e+02
1.9030e+03 2.1596e+02
1.9040e+03 2.1539e+02
1.9050e+03 2.1484e+02
1.9060e+03 2.1431e+02
1.9070e+03 2.1380e+02
1.9080e+03 2.1330e+02
1.9090e+03 2.1281e+02
1.9100e+03 2.1234e+02
1.9110e+03 2.1189e+02
1.9120e+03 2.1146e+02
1.9130e+03 2.1104e+02
1.9140e+03 2.1063e+02
1.9150e+03 2.1025e+02
1.9160e+03 2.0988e+02
1.9170e+03 2.0952e+02
1.9180e+03 2.0918e+02
1.9190e+03 2.0885e+02
1.9200e+03 2.0854e+02
1.9210e+03 2.0825e+02
1.9220e+03 2.0797e+02
1.9230e+03 2.0770e+02
1.9240e+03 2.0746e+02
1.9250e+03 2.0722e+02
1.9260e+03 2.0700e+02
1.9270e+03 2.0680e+02
1.9280e+03 2.0660e+02
1.9290e+03 2.0643e+02
1.9300e+03 2.0627e+02
1.9310e+03 2.0612e+02
1.9320e+03 2.0598e+02
1.9330e+03 2.0586e+02
1.9340e+03 2.0575e+02
1.9350e+03 2.0565e+02
1.9360e+03 2.0557e+02
1.9370e+03 2.0550e+02
1.9380e+03 2.0544e+02
1.9390e+03 2.0540e+02
1.9400e+03 2.0536e+02
1.9410e+03 2.0534e+02
1.9420e+03 2.0533e+02
1.9430e+03 2.0533e+02
1.9440e+03 2.0535e+02
1.9450e+03 2.0537e+02
1.9460e+03 2.0540e+02
1.9470e+03 2.0545e+02
1.9480e+03 2.0550e+02
1.9490e+03 2.0556e+02
1.9500e+03 2.0564e+02
1.9510e+03 2.0572e+02
1.9520e+03 2.0581e+02
1.9530e+03 2.0591e+02
1.9540e+03 2.0602e+02
1.9550e+03 2.0614e+02
1.9560e+03 2.0626e+02
1.9570e+03 2.0639e+02
1.9580e+03 2.0653e+02
1.9590e+03 2.0668e+02
1.9600e+03 2.0684e+02
1.9610e+03 2.0700e+02
1.9620e+03 2.0717e+02
1.9630e+03 2.0734e+02
1.9640e+03 2.0753e+02
1.9650e+03 2.0771e+02
1.9660e+03 2.0790e+02
1.9670e+03 2.0810e+02
1.9680e+03 2.0831e+02
1.9690e+03 2.0851e+02
1.9700e+03 2.0873e+02
1.9710e+03 2.0894e+02
1.9720e+03 2.0916e+02
1.9730e+03 2.0939e+02
1.9740e+03 2.0961e+02
1.9750e+03 2.0985e+02
1.9760e+03 2.1008e+02
1.9770e+03 2.1032e+02
1.9780e+03 2.1055e+02
1.9790e+03 2.1079e+02
1.9800e+03 2.1104e+02
1.9810e+03 2.1128e+02
1.9820e+03 2.1153e+02
1.9830e+03 2.1177e+02
1.9840e+03 2.1202e+02
1.9850e+03 2.1227e+02
1.9860e+03 2.1251e+02
1.9870e+03 2.1276e+02
1.9880e+03 2.1301e+02
1.9890e+03 2.1325e+02
1.9900e+03 2.1350e+02
1.9910e+03 2.1374e+02
1.9920e+03 2.1398e+02
1.9930e+03 2.1422e+02
1.9940e+03 2.1446e+02
1.9950e+03 2.1470e+02
1.9960e+03 2.1493e+02
1.9970e+03 2.1516e+02
1.9980e+03 2.1539e+02
1.9990e+03 2.1561e+02
2.0000e+03 2.1583e+02
2.0010e+03 2.1604e+02
2.0020e+03 2.1625e+02
2.0030e+03 2.1646e+02
2.0040e+03 2.1666e+02
2.0050e+03 2.1686e+02
2.0060e+03 2.1705e+02
2.0070e+03 2.1724e+02
2.0080e+03 2.1742e+02
2.0090e+03 2.1760e+02
2.0100e+03 2.1777e+02
2.0110e+03 2.1793e+02
2.0120e+03 2.1809e+02
2.0130e+03 2.1824e+02
2.0140e+03 2.1838e+02
2.0150e+03 2.1852e+02
2.0160e+03 2.1865e+02
2.0170e+03 2.1877e+02
2.0180e+03 2.1888e+02
2.0190e+03 2.1899e+02
2.0200e+03 2.1909e+02
2.0210e+03 2.1918e+02
2.0220e+03 2.1927e+02
2.0230e+03 2.1934e+02
2.0240e+03 2.1941e+02
2.0250e+03 2.1947e+02
2.0260e+03 2.1952e+02
2.0270e+03 2.1956e+02
2.0280e+03 2.1959e+02
2.0290e+03 2.1962e+02
2.0300e+03 2.1963e+02
2.0310e+03 2.1963e+02
2.0320e+03 2.1963e+02
2.0330e+03 2.1961e+02
2.0340e+03 2.1959e+02
2.0350e+03 2.1956e+02
2.0360e+03 2.1951e+02
2.0370e+03 2.1946e+02
2.0380e+03 2.1939e+02
2.0390e+03 2.1932e+02
2.0400e+03 2.1924e+02
2.0410e+03 2.1914e+02
2.0420e+03 2.1903e+02
2.0430e+03 2.1892e+02
2.0440e+03 2.1879e+02
2.0450e+03 2.1865e+02
2.0460e+03 2.1850e+02
2.0470e+03 2.1834e+02
2.0480e+03 2.1817e+02
2.0490e+03 2.1799e+02
2.0500e+03 2.1780e+02
2.0510e+03 2.1760e+02
2.0520e+03 2.1739e+02
2.0530e+03 2.1716e+02
2.0540e+03 2.1692e+02
2.0550e+03 2.1668e+02
2.0560e+03 2.1642e+02
2.0570e+03 2.1615e+02
2.0580e+03 2.1587e+02
2.0590e+03 2.1558e+02
2.0600e+03 2.1527e+02
2.0610e+03 2.1496e+02
2.0620e+03 2.1464e+02
2.0630e+03 2.1430e+02
2.0640e+03 2.1395e+02
2.0650e+03 2.1359e+02
2.0660e+03 2.1322e+02
2.0670e+03 2.1284e+02
2.0680e+03 2.1245e+02
2.0690e+03 2.1205e+02
2.0700e+03 2.1164e+02
2.0710e+03 2.1121e+02
2.0720e+03 2.1078e+02
2.0730e+03 2.1034e+02
2.0740e+03 2.0988e+02
2.0750e+03 2.0941e+02
2.0760e+03 2.0894e+02
2.0770e+03 2.0845e+02
2.0780e+03 2.0795e+02
2.0790e+03 2.0745e+02
2.0800e+03 2.0693e+02
2.0810e+03 2.0640e+02
2.0820e+03 2.0586e+02
2.0830e+03 2.0532e+02
2.0840e+03 2.0476e+02
2.0850e+03 2.0420e+02
2.0860e+03 2.0362e+02
2.0870e+03 2.0304e+02
2.0880e+03 2.0245e+02
2.0890e+03 2.0184e+02
2.0900e+03 2.0123e+02
2.0910e+03 2.0061e+02
2.0920e+03 1.9999e+02
2.0930e+03 1.9935e+02
2.0940e+03 1.9871e+02
2.0950e+03 1.9805e+02
2.0960e+03 1.9739e+02
2.0970e+03 1.9673e+02
2.0980e+03 1.9605e+02
2.0990e+03 1.9537e+02
2.1000e+03 1.9468e+02
2.1010e+03 1.9398e+02
2.1020e+03 1.9328e+02
2.1030e+03 1.9257e+02
2.1040e+03 1.9185e+02
2.1050e+03 1.9112e+02
2.1060e+03 1.9039e+02
2.1070e+03 1.8965e+02
2.1080e+03 1.8891e+02
2.1090e+03 1.8816e+02
2.1100e+03 1.8740e+02
2.1110e+03 1.8664e+02
2.1120e+03 1.8588e+02
2.1130e+03 1.8510e+02
2.1140e+03 1.8433e+02
2.1150e+03 1.8355e+02
2.1160e+03 1.8276e+02
2.1170e+03 1.8197e+02
2.1180e+03 1.8118e+02
2.1190e+03 1.8038e+02
2.1200e+03 1.7957e+02
2.1210e+03 1.7877e+02
2.1220e+03 1.7796e+02
2.1230e+03 1.7714e+02
2.1240e+03 1.7633e+02
2.1250e+03 1.7551e+02
2.1260e+03 1.7468e+02
2.1270e+03 1.7386e+02
2.1280e+03 1.7303e+02
2.1290e+03 1.7220e+02
2.1300e+03 1.7137e+02
2.1310e+03 1.7054e+02
2.1320e+03 1.6970e+02
2.1330e+03 1.6886e+02
2.1340e+03 1.6802e+02
2.1350e+03 1.6719e+02
2.1360e+03 1.6635e+02
2.1370e+03 1.6550e+02
2.1380e+03 1.6466e+02
2.1390e+03 1.6382e+02
2.1400e+03 1.6298e+02
2.1410e+03 1.6214e+02
2.1420e+03 1.6130e+02
2.1430e+03 1.6046e+02
2.1440e+03 1.5962e+02
2.1450e+03 1.5878e+02
2.1460e+03 1.5795e+02
2.1470e+03 1.5711e+02
2.1480e+03 1.5628e+02
2.1490e+03 1.5544e+02
2.1500e+03 1.5461e+02
2.1510e+03 1.5379e+02
2.1520e+03 1.5296e+02
2.1530e+03 1.5214e+02
2.1540e+03 1.5131e+02
2.1550e+03 1.5050e+02
2.1560e+03 1.4968e+02
2.1570e+03 1.4887e+02
2.1580e+03 1.4806e+02
2.1590e+03 1.4725e+02
2.1600e+03 1.4645e+02
2.1610e+03 1.4565e+02
2.1620e+03 1.4486e+02
2.1630e+03 1.4407e+02
2.1640e+03 1.4328e+02
2.1650e+03 1.4250e+02
2.1660e+03 1.4172e+02
2.1670e+03 1.4095e+02
2.1680e+03 1.4018e+02
2.1690e+03 1.3941e+02
2.1700e+03 1.3866e+02
2.1710e+03 1.3790e+02
2.1720e+03 1.3715e+02
2.1730e+03 1.3641e+02
2.1740e+03 1.3567e+02
2.1750e+03 1.3494e+02
2.1760e+03 1.3422e+02
2.1770e+03 1.3350e+02
2.1780e+03 1.3278e+02
2.1790e+03 1.3208e+02
2.1800e+03 1.3138e+02
2.1810e+03 1.3068e+02
2.1820e+03 1.2999e+02
2.1830e+03 1.2931e+02
2.1840e+03 1.2864e+02
2.1850e+03 1.2797e+02
2.1860e+03 1.2731e+02
2.1870e+03 1.2666e+02
2.1880e+03 1.2601e+02
2.1890e+03 1.2537e+02
2.1900e+03 1.2474e+02
2.1910e+03 1.2411e+02
2.1920e+03 1.2350e+02
2.1930e+03 1.2289e+02
2.1940e+03 1.2228e+02
2.1950e+03 1.2169e+02
2.1960e+03 1.2110e+02
2.1970e+03 1.2052e+02
2.1980e+03 1.1995e+02
2.1990e+03 1.1939e+02
2.2000e+03 1.1883e+02
2.2010e+03 1.1829e+02
2.2020e+03 1.1775e+02
2.2030e+03 1.1722e+02
2.2040e+03 1.1669e+02
2.2050e+03 1.1618e+02
2.2060e+03 1.1567e+02
2.2070e+03 1.1518e+02
2.2080e+03 1.1469e+02
2.2090e+03 1.1420e+02
2.2100e+03 1.1373e+02
2.2110e+03 1.1327e+02
2.2120e+03 1.1281e+02
2.2130e+03 1.1236e+02
2.2140e+03 1.1192e+02
2.2150e+03 1.1149e+02
2.2160e+03 1.1107e+02
2.2170e+03 1.1066e+02
2.2180e+03 1.1025e+02
2.2190e+03 1.0985e+02
2.2200e+03 1.0946e+02
2.2210e+03 1.0908e+02
2.2220e+03 1.0871e+02
2.2230e+03 1.0835e+02
2.2240e+03 1.0799e+02
2.2250e+03 1.0765e+02
2.2260e+03 1.0731e+02
2.2270e+03 1.0698e+02
2.2280e+03 1.0666e+02
2.2290e+03 1.0634e+02
2.2300e+03 1.0603e+02
2.2310e+03 1.0574e+02
2.2320e+03 1.0545e+02
2.2330e+03 1.0517e+02
2.2340e+03 1.0489e+02
2.2350e+03 1.0463e+02
2.2360e+03 1.0437e+02
2.2370e+03 1.0412e+02
2.2380e+03 1.0388e+02
2.2390e+03 1.0364e+02
2.2400e+03 1.0341e+02
2.2410e+03 1.0319e+02
2.2420e+03 1.0298e+02
2.2430e+03 1.0278e+02
2.2440e+03 1.0258e+02
2.2450e+03 1.0239e+02
2.2460e+03 1.0221e+02
2.2470e+03 1.0203e+02
2.2480e+03 1.0186e+02
2.2490e+03 1.0170e+02
2.2500e+03 1.0154e+02
2.2510e+03 1.0139e+02
2.2520e+03 1.0125e+02
2.2530e+03 1.0111e+02
2.2540e+03 1.0098e+02
2.2550e+03 1.0086e+02
2.2560e+03 1.0074e+02
2.2570e+03 1.0063e+02
2.2580e+03 1.0053e+02
2.2590e+03 1.0043e+02
2.2600e+03 1.0033e+02
2.2610e+03 1.0025e+02
2.2620e+03 1.0016e+02
2.2630e+03 1.0009e+02
2.2640e+03 1.0002e+02
2.2650e+03 9.9950e+01
2.2660e+03 9.9890e+01
2.2670e+03 9.9834e+01
2.2680e+03 9.9783e+01
2.2690e+03 9.9738e+01
2.2700e+03 9.9697e+01
2.2710e+03 9.9661e+01
2.2720e+03 9.9630e+01
2.2730e+03 9.9603e+01
2.2740e+03 9.9581e+01
2.2750e+03 9.9562e+01
2.2760e+03 9.9548e+01
2.2770e+03 9.9537e+01
2.2780e+03 9.9530e+01
2.2790e+03 9.9527e+01
2.2800e+03 9.9528e+01
2.2810e+03 9.9533e+01
2.2820e+03 9.9540e+01
2.2830e+03 9.9550e+01
2.2840e+03 9.9564e+01
2.2850e+03 9.9581e+01
2.2860e+03 9.9601e+01
2.2870e+03 9.9623e+01
2.2880e+03 9.9647e+01
2.2890e+03 9.9675e+01
2.2900e+03 9.9704e+01
2.2910e+03 9.9736e+01
2.2920e+03 9.9770e+01
2.2930e+03 9.9805e+01
2.2940e+03 9.9843e+01
2.2950e+03 9.9882e+01
2.2960e+03 9.9922e+01
2.2970e+03 9.9965e+01
2.2980e+03 1.0001e+02
2.2990e+03 1.0005e+02
2.3000e+03 1.0010e+02
2.3010e+03 1.0014e+02
2.3020e+03 1.0019e+02
2.3030e+03 1.0024e+02
2.3040e+03 1.0029e+02
2.3050e+03 1.0033e+02
2.3060e+03 1.0038e+02
2.3070e+03 1.0043e+02
2.3080e+03 1.0048e+02
2.3090e+03 1.0053e+02
2.3100e+03 1.0058e+02
2.3110e+03 1.0063e+02
2.3120e+03 1.0068e+02
2.3130e+03 1.0072e+02
2.3140e+03 1.0077e+02
2.3150e+03 1.0082e+02
2.3160e+03 1.0086e+02
2.3170e+03 1.0091e+02
2.3180e+03 1.0095e+02
2.3190e+03 1.0099e+02
2.3200e+03 1.0103e+02
2.3210e+03 1.0107e+02
2.3220e+03 1.0111e+02
2.3230e+03 1.0115e+02
2.3240e+03 1.0119e+02
2.3250e+03 1.0122e+02
2.3260e+03 1.0125e+02
2.3270e+03 1.0128e+02
2.3280e+03 1.0131e+02
2.3290e+03 1.0134e+02
2.3300e+03 1.0136e+02
2.3310e+03 1.0138e+02
2.3320e+03 1.0140e+02
2.3330e+03 1.0142e+02
2.3340e+03 1.0143e+02
2.3350e+03 1.0145e+02
2.3360e+03 1.0146e+02
2.3370e+03 1.0146e+02
2.3380e+03 1.0147e+02
2.3390e+03 1.0147e+02
2.3400e+03 1.0147e+02
2.3410e+03 1.0146e+02
2.3420e+03 1.0146e+02
2.3430e+03 1.0145e+02
2.3440e+03 1.0143e+02
2.3450e+03 1.0142e+02
2.3460e+03 1.0140e+02
2.3470e+03 1.0137e+02
2.3480e+03 1.0135e+02
2.3490e+03 1.0132e+02
2.3500e+03 1.0128e+02
2.3510e+03 1.0125e+02
2.3520e+03 1.0120e+02
2.3530e+03 1.0116e+02
2.3540e+03 1.0111e+02
2.3550e+03 1.0106e+02
2.3560e+03 1.0100e+02
2.3570e+03 1.0094e+02
2.3580e+03 1.0088e+02
2.3590e+03 1.0081e+02
2.3600e+03 1.0074e+02
2.3610e+03 1.0067e+02
2.3620e+03 1.0059e+02
2.3630e+03 1.0051e+02
2.3640e+03 1.0042e+02
2.3650e+03 1.0033e+02
2.3660e+03 1.0023e+02
2.3670e+03 1.0013e+02
2.3680e+03 1.0003e+02
2.3690e+03 9.9921e+01
2.3700e+03 9.9809e+01
2.3710e+03 9.9693e+01
2.3720e+03 9.9573e+01
2.3730e+03 9.9449e+01
2.3740e+03 9.9321e+01
2.3750e+03 9.9189e+01
2.3760e+03 9.9053e+01
2.3770e+03 9.8912e+01
2.3780e+03 9.8767e+01
2.3790e+03 9.8619e+01
2.3800e+03 9.8467e+01
2.3810e+03 9.8310e+01
2.3820e+03 9.8149e+01
2.3830e+03 9.7984e+01
2.3840e+03 9.7815e+01
2.3850e+03 9.7642e+01
2.3860e+03 9.7465e+01
2.3870e+03 9.7284e+01
2.3880e+03 9.7100e+01
2.3890e+03 9.6911e+01
2.3900e+03 9.6718e+01
2.3910e+03 9.6522e+01
2.3920e+03 9.6322e+01
2.3930e+03 9.6118e+01
2.3940e+03 9.5911e+01
2.3950e+03 9.5700e+01
2.3960e+03 9.5486e+01
2.3970e+03 9.5268e+01
2.3980e+03 9.5046e+01
2.3990e+03 9.4821e+01
2.4000e+03 9.4593e+01
2.4010e+03 9.4360e+01
2.4020e+03 9.4126e+01
2.4030e+03 9.3887e+01
2.4040e+03 9.3645e+01
2.4050e+03 9.3400e+01
2.4060e+03 9.3152e+01
2.4070e+03 9.2901e+01
2.4080e+03 9.2646e+01
2.4090e+03 9.2389e+01
2.4100e+03 9.2128e+01
2.4110e+03 9.1865e+01
2.4120e+03 9.1598e+01
2.4130e+03 9.1329e+01
2.4140e+03 9.1057e+01
2.4150e+03 9.0781e+01
2.4160e+03 9.0504e+01
2.4170e+03 9.0224e+01
2.4180e+03 8.9941e+01
2.4190e+03 8.9656e+01
2.4200e+03 8.9369e+01
2.4210e+03 8.9078e+01
2.4220e+03 8.8786e+01
2.4230e+03 8.8492e+01
2.4240e+03 8.8196e+01
2.4250e+03 8.7897e+01
2.4260e+03 8.7597e+01
2.4270e+03 8.7294e+01
2.4280e+03 8.6990e+01
2.4290e+03 8.6684e+01
2.4300e+03 8.6376e+01
2.4310e+03 8.6067e+01
2.4320e+03 8.5756e+01
2.4330e+03 8.5444e+01
2.4340e+03 8.5130e+01
2.4350e+03 8.4815e+01
2.4360e+03 8.4499e+01
2.4370e+03 8.4181e+01
2.4380e+03 8.3863e+01
2.4390e+03 8.3543e+01
2.4400e+03 8.3223e+01
2.4410e+03 8.2902e+01
2.4420e+03 8.2580e+01
2.4430e+03 8.2256e+01
2.4440e+03 8.1933e+01
2.4450e+03 8.1609e+01
2.4460e+03 8.1285e+01
2.4470e+03 8.0960e+01
2.4480e+03 8.0636e+01
2.4490e+03 8.0310e+01
2.4500e+03 7.9985e+01
2.4510e+03 7.9660e+01
2.4520e+03 7.9335e+01
2.4530e+03 7.9010e+01
2.4540e+03 7.8685e+01
2.4550e+03 7.8360e+01
2.4560e+03 7.8036e+01
2.4570e+03 7.7713e+01
2.4580e+03 7.7390e+01
2.4590e+03 7.7066e+01
2.4600e+03 7.6744e+01
2.4610e+03 7.6423e+01
2.4620e+03 7.6101e+01
2.4630e+03 7.5782e+01
2.4640e+03 7.5462e+01
2.4650e+03 7.5144e+01
2.4660e+03 7.4826e+01
2.4670e+03 7.4510e+01
2.4680e+03 7.4195e+01
2.4690e+03 7.3881e+01
2.4700e+03 7.3568e+01
2.4710e+03 7.3256e+01
2.4720e+03 7.2947e+01
2.4730e+03 7.2638e+01
2.4740e+03 7.2330e+01
2.4750e+03 7.2025e+01
2.4760e+03 7.1720e+01
2.4770e+03 7.1418e+01
2.4780e+03 7.1117e+01
2.4790e+03 7.0819e+01
2.4800e+03 7.0521e+01
2.4810e+03 7.0227e+01
2.4820e+03 6.9934e+01
2.4830e+03 6.9642e+01
2.4840e+03 6.9353e+01
2.4850e+03 6.9066e+01
2.4860e+03 6.8782e+01
2.4870e+03 6.8500e+01
2.4880e+03 6.8220e+01
2.4890e+03 6.7942e+01
2.4900e+03 6.7667e+01
2.4910e+03 6.7394e+01
2.4920e+03 6.7124e+01
2.4930e+03 6.6856e+01
2.4940e+03 6.6590e+01
2.4950e+03 6.6328e+01
2.4960e+03 6.6068e+01
2.4970e+03 6.5810e+01
2.4980e+03 6.5556e+01
2.4990e+03 6.5304e+01
2.5000e+03 6.5055e+01
2.5010e+03 6.4809e+01
2.5020e+03 6.4565e+01
2.5030e+03 6.4325e+01
2.5040e+03 6.4087e+01
2.5050e+03 6.3853e+01
2.5060e+03 6.3621e+01
2.5070e+03 6.3392e+01
2.5080e+03 6.3167e+01
2.5090e+03 6.2944e+01
2.5100e+03 6.2725e+01
2.5110e+03 6.2509e+01
2.5120e+03 6.2296e+01
2.5130e+03 6.2086e+01
2.5140e+03 6.1879e+01
2.5150e+03 6.1675e+01
2.5160e+03 6.1475e+01
2.5170e+03 6.1278e+01
2.5180e+03 6.1084e+01
2.5190e+03 6.0893e+01
2.5200e+03 6.0706e+01
2.5210e+03 6.0521e+01
2.5220e+03 6.0340e+01
2.5230e+03 6.0163e+01
2.5240e+03 5.9988e+01
2.5250e+03 5.9817e+01
2.5260e+03 5.9649e+01
2.5270e+03 5.9484e+01
2.5280e+03 5.9323e+01
2.5290e+03 5.9165e+01
2.5300e+03 5.9010e+01
2.5310e+03 5.8858e+01
2.5320e+03 5.8710e+01
2.5330e+03 5.8565e+01
2.5340e+03 5.8423e+01
2.5350e+03 5.8284e+01
2.5360e+03 5.8149e+01
2.5370e+03 5.8016e+01
2.5380e+03 5.7887e+01
2.5390e+03 5.7761e+01
2.5400e+03 5.7638e+01
2.5410e+03 5.7518e+01
2.5420e+03 5.7402e+01
2.5430e+03 5.7288e+01
2.5440e+03 5.7177e+01
2.5450e+03 5.7070e+01
2.5460e+03 5.6965e+01
2.5470e+03 5.6864e+01
2.5480e+03 5.6765e+01
2.5490e+03 5.6669e+01
2.5500e+03 5.6576e+01
